92018374651
92018374651
74839201569
74839201569
94821563749
15748392015
82910475638
37482910564
61528394017
29384756102
56102938473
47382910548
36475829103
84756102938
29103847561
51627384905
73829104567
19283746501
64738291054
40192837465
85746392018
27384950617
91827364509
38291047563
56473829101
12938475608
75849302165
48392017564
61728394052
93827164503
20193847568
57483920164
82937465109
36472819053
15263748590
74839201657
49382716504
91029384756
28374651092
63748291058
50192837463
84736251907
17283940561
39485726105
72819036458
46372819054
95847362510
21938475607
58473629105
83920174653